(kicad_pcb (version 20171130) (host pcbnew "(5.1.0-0)")

  (general
    (thickness 1.6)
    (drawings 210)
    (tracks 3252)
    (zones 0)
    (modules 144)
    (nets 42)
  )

  (page A4)
  (layers
    (0 F.Cu signal)
    (31 B.Cu signal)
    (32 B.Adhes user)
    (33 F.Adhes user)
    (34 B.Paste user)
    (35 F.Paste user)
    (36 B.SilkS user)
    (37 F.SilkS user)
    (38 B.Mask user)
    (39 F.Mask user)
    (40 Dwgs.User user)
    (41 Cmts.User user)
    (42 Eco1.User user)
    (43 Eco2.User user)
    (44 Edge.Cuts user)
    (45 Margin user)
    (46 B.CrtYd user)
    (47 F.CrtYd user)
    (48 B.Fab user)
    (49 F.Fab user)
  )

  (setup
    (last_trace_width 0.25)
    (user_trace_width 0.5)
    (user_trace_width 2)
    (trace_clearance 0.2)
    (zone_clearance 0.508)
    (zone_45_only no)
    (trace_min 0.2)
    (via_size 0.8)
    (via_drill 0.4)
    (via_min_size 0.4)
    (via_min_drill 0.3)
    (user_via 2 0.5)
    (user_via 5.5 3.1)
    (uvia_size 0.3)
    (uvia_drill 0.1)
    (uvias_allowed no)
    (uvia_min_size 0.2)
    (uvia_min_drill 0.1)
    (edge_width 0.05)
    (segment_width 0.2)
    (pcb_text_width 0.3)
    (pcb_text_size 1.5 1.5)
    (mod_edge_width 0.12)
    (mod_text_size 1 1)
    (mod_text_width 0.15)
    (pad_size 6.4 6.4)
    (pad_drill 3.2)
    (pad_to_mask_clearance 0.051)
    (solder_mask_min_width 0.25)
    (aux_axis_origin 0 0)
    (grid_origin 100 100)
    (visible_elements FFFFFF7F)
    (pcbplotparams
      (layerselection 0x010ec_ffffffff)
      (usegerberextensions false)
      (usegerberattributes false)
      (usegerberadvancedattributes false)
      (creategerberjobfile false)
      (excludeedgelayer true)
      (linewidth 0.100000)
      (plotframeref false)
      (viasonmask false)
      (mode 1)
      (useauxorigin false)
      (hpglpennumber 1)
      (hpglpenspeed 20)
      (hpglpendiameter 15.000000)
      (psnegative false)
      (psa4output false)
      (plotreference true)
      (plotvalue true)
      (plotinvisibletext false)
      (padsonsilk false)
      (subtractmaskfromsilk false)
      (outputformat 1)
      (mirror false)
      (drillshape 0)
      (scaleselection 1)
      (outputdirectory "./"))
  )

  (net 0 "")
  (net 1 GND)
  (net 2 +5V)
  (net 3 +12V)
  (net 4 SCL)
  (net 5 SDA)
  (net 6 "Net-(J4-Pad1)")
  (net 7 "Net-(J4-Pad2)")
  (net 8 "Net-(J4-Pad3)")
  (net 9 "Net-(J4-Pad4)")
  (net 10 "Net-(J5-Pad4)")
  (net 11 "Net-(J5-Pad3)")
  (net 12 "Net-(J5-Pad2)")
  (net 13 "Net-(J5-Pad1)")
  (net 14 MISO)
  (net 15 "Net-(J7-Pad2)")
  (net 16 SCK)
  (net 17 MOSI)
  (net 18 RST)
  (net 19 "Net-(U2-Pad2)")
  (net 20 "Net-(U2-Pad3)")
  (net 21 "Net-(U2-Pad6)")
  (net 22 "Net-(U2-Pad7)")
  (net 23 "Net-(U2-Pad8)")
  (net 24 "Net-(U2-Pad9)")
  (net 25 "Net-(U2-Pad10)")
  (net 26 "Net-(U2-Pad11)")
  (net 27 "Net-(U2-Pad12)")
  (net 28 TPIC-ENABLE)
  (net 29 SS)
  (net 30 "Net-(U2-Pad19)")
  (net 31 "Net-(U2-Pad20)")
  (net 32 "Net-(U2-Pad22)")
  (net 33 "Net-(U2-Pad23)")
  (net 34 "Net-(U2-Pad24)")
  (net 35 "Net-(U2-Pad25)")
  (net 36 "Net-(U2-Pad26)")
  (net 37 "Net-(U2-Pad30)")
  (net 38 "Net-(U2-Pad31)")
  (net 39 "Net-(U3-Pad18)")
  (net 40 HALL1SIG)
  (net 41 HALL2SIG)

  (net_class Default "This is the default net class."
    (clearance 0.2)
    (trace_width 0.25)
    (via_dia 0.8)
    (via_drill 0.4)
    (uvia_dia 0.3)
    (uvia_drill 0.1)
    (add_net +12V)
    (add_net +5V)
    (add_net GND)
    (add_net HALL1SIG)
    (add_net HALL2SIG)
    (add_net MISO)
    (add_net MOSI)
    (add_net "Net-(J4-Pad1)")
    (add_net "Net-(J4-Pad2)")
    (add_net "Net-(J4-Pad3)")
    (add_net "Net-(J4-Pad4)")
    (add_net "Net-(J5-Pad1)")
    (add_net "Net-(J5-Pad2)")
    (add_net "Net-(J5-Pad3)")
    (add_net "Net-(J5-Pad4)")
    (add_net "Net-(J7-Pad2)")
    (add_net "Net-(U2-Pad10)")
    (add_net "Net-(U2-Pad11)")
    (add_net "Net-(U2-Pad12)")
    (add_net "Net-(U2-Pad19)")
    (add_net "Net-(U2-Pad2)")
    (add_net "Net-(U2-Pad20)")
    (add_net "Net-(U2-Pad22)")
    (add_net "Net-(U2-Pad23)")
    (add_net "Net-(U2-Pad24)")
    (add_net "Net-(U2-Pad25)")
    (add_net "Net-(U2-Pad26)")
    (add_net "Net-(U2-Pad3)")
    (add_net "Net-(U2-Pad30)")
    (add_net "Net-(U2-Pad31)")
    (add_net "Net-(U2-Pad6)")
    (add_net "Net-(U2-Pad7)")
    (add_net "Net-(U2-Pad8)")
    (add_net "Net-(U2-Pad9)")
    (add_net "Net-(U3-Pad18)")
    (add_net RST)
    (add_net SCK)
    (add_net SCL)
    (add_net SDA)
    (add_net SS)
    (add_net TPIC-ENABLE)
  )

  (module Package_SO:SOIC-20W_7.5x12.8mm_P1.27mm (layer F.Cu) (tedit 5A02F2D3) (tstamp 5CCD1287)
    (at 174.9872 41.1992 180)
    (descr "20-Lead Plastic Small Outline (SO) - Wide, 7.50 mm Body [SOIC] (see Microchip Packaging Specification 00000049BS.pdf)")
    (tags "SOIC 1.27")
    (path /5CC1439F)
    (attr smd)
    (fp_text reference U3 (at 0 -7.5 180) (layer F.SilkS) hide
      (effects (font (size 1 1) (thickness 0.15)))
    )
    (fp_text value TPIC6595 (at 0 7.5 180) (layer F.Fab) hide
      (effects (font (size 1 1) (thickness 0.15)))
    )
    (fp_line (start -3.875 -6.325) (end -5.675 -6.325) (layer F.SilkS) (width 0.15))
    (fp_line (start -3.875 6.575) (end 3.875 6.575) (layer F.SilkS) (width 0.15))
    (fp_line (start -3.875 -6.575) (end 3.875 -6.575) (layer F.SilkS) (width 0.15))
    (fp_line (start -3.875 6.575) (end -3.875 6.24) (layer F.SilkS) (width 0.15))
    (fp_line (start 3.875 6.575) (end 3.875 6.24) (layer F.SilkS) (width 0.15))
    (fp_line (start 3.875 -6.575) (end 3.875 -6.24) (layer F.SilkS) (width 0.15))
    (fp_line (start -3.875 -6.575) (end -3.875 -6.325) (layer F.SilkS) (width 0.15))
    (fp_line (start -5.95 6.75) (end 5.95 6.75) (layer F.CrtYd) (width 0.05))
    (fp_line (start -5.95 -6.75) (end 5.95 -6.75) (layer F.CrtYd) (width 0.05))
    (fp_line (start 5.95 -6.75) (end 5.95 6.75) (layer F.CrtYd) (width 0.05))
    (fp_line (start -5.95 -6.75) (end -5.95 6.75) (layer F.CrtYd) (width 0.05))
    (fp_line (start -3.75 -5.4) (end -2.75 -6.4) (layer F.Fab) (width 0.15))
    (fp_line (start -3.75 6.4) (end -3.75 -5.4) (layer F.Fab) (width 0.15))
    (fp_line (start 3.75 6.4) (end -3.75 6.4) (layer F.Fab) (width 0.15))
    (fp_line (start 3.75 -6.4) (end 3.75 6.4) (layer F.Fab) (width 0.15))
    (fp_line (start -2.75 -6.4) (end 3.75 -6.4) (layer F.Fab) (width 0.15))
    (fp_text user %R (at 0 0 180) (layer F.Fab) hide
      (effects (font (size 1 1) (thickness 0.15)))
    )
    (pad 20 smd rect (at 4.7 -5.715 180) (size 1.95 0.6) (layers F.Cu F.Paste F.Mask)
      (net 1 GND))
    (pad 19 smd rect (at 4.7 -4.445 180) (size 1.95 0.6) (layers F.Cu F.Paste F.Mask)
      (net 1 GND))
    (pad 18 smd rect (at 4.7 -3.175 180) (size 1.95 0.6) (layers F.Cu F.Paste F.Mask)
      (net 39 "Net-(U3-Pad18)"))
    (pad 17 smd rect (at 4.7 -1.905 180) (size 1.95 0.6) (layers F.Cu F.Paste F.Mask)
      (net 6 "Net-(J4-Pad1)"))
    (pad 16 smd rect (at 4.7 -0.635 180) (size 1.95 0.6) (layers F.Cu F.Paste F.Mask)
      (net 7 "Net-(J4-Pad2)"))
    (pad 15 smd rect (at 4.7 0.635 180) (size 1.95 0.6) (layers F.Cu F.Paste F.Mask)
      (net 8 "Net-(J4-Pad3)"))
    (pad 14 smd rect (at 4.7 1.905 180) (size 1.95 0.6) (layers F.Cu F.Paste F.Mask)
      (net 9 "Net-(J4-Pad4)"))
    (pad 13 smd rect (at 4.7 3.175 180) (size 1.95 0.6) (layers F.Cu F.Paste F.Mask)
      (net 16 SCK))
    (pad 12 smd rect (at 4.7 4.445 180) (size 1.95 0.6) (layers F.Cu F.Paste F.Mask)
      (net 29 SS))
    (pad 11 smd rect (at 4.7 5.715 180) (size 1.95 0.6) (layers F.Cu F.Paste F.Mask)
      (net 1 GND))
    (pad 10 smd rect (at -4.7 5.715 180) (size 1.95 0.6) (layers F.Cu F.Paste F.Mask)
      (net 1 GND))
    (pad 9 smd rect (at -4.7 4.445 180) (size 1.95 0.6) (layers F.Cu F.Paste F.Mask)
      (net 28 TPIC-ENABLE))
    (pad 8 smd rect (at -4.7 3.175 180) (size 1.95 0.6) (layers F.Cu F.Paste F.Mask)
      (net 2 +5V))
    (pad 7 smd rect (at -4.7 1.905 180) (size 1.95 0.6) (layers F.Cu F.Paste F.Mask)
      (net 10 "Net-(J5-Pad4)"))
    (pad 6 smd rect (at -4.7 0.635 180) (size 1.95 0.6) (layers F.Cu F.Paste F.Mask)
      (net 11 "Net-(J5-Pad3)"))
    (pad 5 smd rect (at -4.7 -0.635 180) (size 1.95 0.6) (layers F.Cu F.Paste F.Mask)
      (net 12 "Net-(J5-Pad2)"))
    (pad 4 smd rect (at -4.7 -1.905 180) (size 1.95 0.6) (layers F.Cu F.Paste F.Mask)
      (net 13 "Net-(J5-Pad1)"))
    (pad 3 smd rect (at -4.7 -3.175 180) (size 1.95 0.6) (layers F.Cu F.Paste F.Mask)
      (net 17 MOSI))
    (pad 2 smd rect (at -4.7 -4.445 180) (size 1.95 0.6) (layers F.Cu F.Paste F.Mask)
      (net 2 +5V))
    (pad 1 smd rect (at -4.7 -5.715 180) (size 1.95 0.6) (layers F.Cu F.Paste F.Mask)
      (net 1 GND))
    (model ${KISYS3DMOD}/Package_SO.3dshapes/SOIC-20W_7.5x12.8mm_P1.27mm.wrl
      (at (xyz 0 0 0))
      (scale (xyz 1 1 1))
      (rotate (xyz 0 0 0))
    )
  )

  (module splitflap-pcb:TE_640456-3 (layer F.Cu) (tedit 5CC77642) (tstamp 5CCD126B)
    (at 154.5592 45.0852)
    (path /5CC1B5A0)
    (fp_text reference J2 (at -1.27246 -4.45361) (layer F.SilkS) hide
      (effects (font (size 1.00194 1.00194) (thickness 0.05)))
    )
    (fp_text value "HALL 1" (at -0.635375 3.8122) (layer F.SilkS) hide
      (effects (font (size 1.00057 1.00057) (thickness 0.05)))
    )
    (fp_line (start -4.06 2.79) (end -4.06 -3.425) (layer Eco1.User) (width 0.05))
    (fp_line (start 4.06 2.79) (end -4.06 2.79) (layer Eco1.User) (width 0.05))
    (fp_line (start 4.06 -3.425) (end 4.06 2.79) (layer Eco1.User) (width 0.05))
    (fp_line (start -4.06 -3.425) (end 4.06 -3.425) (layer Eco1.User) (width 0.05))
    (fp_line (start 2.54 -1.27) (end 2.54 -3.175) (layer Eco2.User) (width 0.1524))
    (fp_line (start -2.54 -1.27) (end 2.54 -1.27) (layer Eco2.User) (width 0.1524))
    (fp_line (start -2.54 -3.175) (end -2.54 -1.27) (layer Eco2.User) (width 0.1524))
    (fp_line (start -2.54 -3.175) (end -3.81 -3.175) (layer Eco2.User) (width 0.1524))
    (fp_line (start 2.54 -3.175) (end -2.54 -3.175) (layer Eco2.User) (width 0.1524))
    (fp_line (start 3.81 -3.175) (end 2.54 -3.175) (layer Eco2.User) (width 0.1524))
    (fp_line (start 3.81 2.54) (end 3.81 -3.175) (layer Eco2.User) (width 0.1524))
    (fp_line (start -3.81 2.54) (end 3.81 2.54) (layer Eco2.User) (width 0.1524))
    (fp_line (start -3.81 -3.175) (end -3.81 2.54) (layer Eco2.User) (width 0.1524))
    (fp_line (start 2.54 -1.27) (end 2.54 -3.175) (layer F.SilkS) (width 0.1524))
    (fp_line (start -2.54 -1.27) (end 2.54 -1.27) (layer F.SilkS) (width 0.1524))
    (fp_line (start -2.54 -3.175) (end -2.54 -1.27) (layer F.SilkS) (width 0.1524))
    (fp_line (start -2.54 -3.175) (end -3.81 -3.175) (layer F.SilkS) (width 0.1524))
    (fp_line (start 2.54 -3.175) (end -2.54 -3.175) (layer F.SilkS) (width 0.1524))
    (fp_line (start 3.81 -3.175) (end 2.54 -3.175) (layer F.SilkS) (width 0.1524))
    (fp_line (start 3.81 2.54) (end 3.81 -3.175) (layer F.SilkS) (width 0.1524))
    (fp_line (start -3.81 2.54) (end 3.81 2.54) (layer F.SilkS) (width 0.1524))
    (fp_line (start -3.81 -3.175) (end -3.81 2.54) (layer F.SilkS) (width 0.1524))
    (pad 3 thru_hole circle (at -2.54 0) (size 1.524 1.524) (drill 1.016) (layers *.Cu *.Mask)
      (net 40 HALL1SIG))
    (pad 2 thru_hole circle (at 0 0) (size 1.524 1.524) (drill 1.016) (layers *.Cu *.Mask)
      (net 1 GND))
    (pad 1 thru_hole rect (at 2.54 0) (size 1.524 1.524) (drill 1.016) (layers *.Cu *.Mask)
      (net 2 +5V))
    (model ${KIPRJMOD}/custom_components/c-640456-3-aa-3d.stp
      (offset (xyz 0 0.45 2.54))
      (scale (xyz 1 1 1))
      (rotate (xyz 0 0 0))
    )
  )

  (module Capacitor_SMD:C_0603_1608Metric (layer F.Cu) (tedit 5B301BBE) (tstamp 5CCD125B)
    (at 181.7118 46.533 270)
    (descr "Capacitor SMD 0603 (1608 Metric), square (rectangular) end terminal, IPC_7351 nominal, (Body size source: http://www.tortai-tech.com/upload/download/2011102023233369053.pdf), generated with kicad-footprint-generator")
    (tags capacitor)
    (path /5CC9DB17)
    (attr smd)
    (fp_text reference C4 (at 0 -1.43 270) (layer F.SilkS) hide
      (effects (font (size 1 1) (thickness 0.15)))
    )
    (fp_text value 0.1uF (at 0 1.43 270) (layer F.Fab) hide
      (effects (font (size 1 1) (thickness 0.15)))
    )
    (fp_text user %R (at 0 0 270) (layer F.Fab)
      (effects (font (size 0.4 0.4) (thickness 0.06)))
    )
    (fp_line (start 1.48 0.73) (end -1.48 0.73) (layer F.CrtYd) (width 0.05))
    (fp_line (start 1.48 -0.73) (end 1.48 0.73) (layer F.CrtYd) (width 0.05))
    (fp_line (start -1.48 -0.73) (end 1.48 -0.73) (layer F.CrtYd) (width 0.05))
    (fp_line (start -1.48 0.73) (end -1.48 -0.73) (layer F.CrtYd) (width 0.05))
    (fp_line (start -0.162779 0.51) (end 0.162779 0.51) (layer F.SilkS) (width 0.12))
    (fp_line (start -0.162779 -0.51) (end 0.162779 -0.51) (layer F.SilkS) (width 0.12))
    (fp_line (start 0.8 0.4) (end -0.8 0.4) (layer F.Fab) (width 0.1))
    (fp_line (start 0.8 -0.4) (end 0.8 0.4) (layer F.Fab) (width 0.1))
    (fp_line (start -0.8 -0.4) (end 0.8 -0.4) (layer F.Fab) (width 0.1))
    (fp_line (start -0.8 0.4) (end -0.8 -0.4) (layer F.Fab) (width 0.1))
    (pad 2 smd roundrect (at 0.7875 0 270) (size 0.875 0.95) (layers F.Cu F.Paste F.Mask) (roundrect_rratio 0.25)
      (net 1 GND))
    (pad 1 smd roundrect (at -0.7875 0 270) (size 0.875 0.95) (layers F.Cu F.Paste F.Mask) (roundrect_rratio 0.25)
      (net 2 +5V))
    (model ${KISYS3DMOD}/Capacitor_SMD.3dshapes/C_0603_1608Metric.wrl
      (at (xyz 0 0 0))
      (scale (xyz 1 1 1))
      (rotate (xyz 0 0 0))
    )
  )

  (module Connector_JST:JST_XH_B5B-XH-A_1x05_P2.50mm_Vertical (layer F.Cu) (tedit 5C28146C) (tstamp 5CCD1230)
    (at 185.344 46.3552 90)
    (descr "JST XH series connector, B5B-XH-A (http://www.jst-mfg.com/product/pdf/eng/eXH.pdf), generated with kicad-footprint-generator")
    (tags "connector JST XH vertical")
    (path /5CC19C75)
    (fp_text reference J5 (at 5 -3.55 90) (layer F.SilkS) hide
      (effects (font (size 1 1) (thickness 0.15)))
    )
    (fp_text value "STEPPER 2" (at 5 4.6 90) (layer F.Fab) hide
      (effects (font (size 1 1) (thickness 0.15)))
    )
    (fp_line (start -2.45 -2.35) (end -2.45 3.4) (layer F.Fab) (width 0.1))
    (fp_line (start -2.45 3.4) (end 12.45 3.4) (layer F.Fab) (width 0.1))
    (fp_line (start 12.45 3.4) (end 12.45 -2.35) (layer F.Fab) (width 0.1))
    (fp_line (start 12.45 -2.35) (end -2.45 -2.35) (layer F.Fab) (width 0.1))
    (fp_line (start -2.56 -2.46) (end -2.56 3.51) (layer F.SilkS) (width 0.12))
    (fp_line (start -2.56 3.51) (end 12.56 3.51) (layer F.SilkS) (width 0.12))
    (fp_line (start 12.56 3.51) (end 12.56 -2.46) (layer F.SilkS) (width 0.12))
    (fp_line (start 12.56 -2.46) (end -2.56 -2.46) (layer F.SilkS) (width 0.12))
    (fp_line (start -2.95 -2.85) (end -2.95 3.9) (layer F.CrtYd) (width 0.05))
    (fp_line (start -2.95 3.9) (end 12.95 3.9) (layer F.CrtYd) (width 0.05))
    (fp_line (start 12.95 3.9) (end 12.95 -2.85) (layer F.CrtYd) (width 0.05))
    (fp_line (start 12.95 -2.85) (end -2.95 -2.85) (layer F.CrtYd) (width 0.05))
    (fp_line (start -0.625 -2.35) (end 0 -1.35) (layer F.Fab) (width 0.1))
    (fp_line (start 0 -1.35) (end 0.625 -2.35) (layer F.Fab) (width 0.1))
    (fp_line (start 0.75 -2.45) (end 0.75 -1.7) (layer F.SilkS) (width 0.12))
    (fp_line (start 0.75 -1.7) (end 9.25 -1.7) (layer F.SilkS) (width 0.12))
    (fp_line (start 9.25 -1.7) (end 9.25 -2.45) (layer F.SilkS) (width 0.12))
    (fp_line (start 9.25 -2.45) (end 0.75 -2.45) (layer F.SilkS) (width 0.12))
    (fp_line (start -2.55 -2.45) (end -2.55 -1.7) (layer F.SilkS) (width 0.12))
    (fp_line (start -2.55 -1.7) (end -0.75 -1.7) (layer F.SilkS) (width 0.12))
    (fp_line (start -0.75 -1.7) (end -0.75 -2.45) (layer F.SilkS) (width 0.12))
    (fp_line (start -0.75 -2.45) (end -2.55 -2.45) (layer F.SilkS) (width 0.12))
    (fp_line (start 10.75 -2.45) (end 10.75 -1.7) (layer F.SilkS) (width 0.12))
    (fp_line (start 10.75 -1.7) (end 12.55 -1.7) (layer F.SilkS) (width 0.12))
    (fp_line (start 12.55 -1.7) (end 12.55 -2.45) (layer F.SilkS) (width 0.12))
    (fp_line (start 12.55 -2.45) (end 10.75 -2.45) (layer F.SilkS) (width 0.12))
    (fp_line (start -2.55 -0.2) (end -1.8 -0.2) (layer F.SilkS) (width 0.12))
    (fp_line (start -1.8 -0.2) (end -1.8 2.75) (layer F.SilkS) (width 0.12))
    (fp_line (start -1.8 2.75) (end 5 2.75) (layer F.SilkS) (width 0.12))
    (fp_line (start 12.55 -0.2) (end 11.8 -0.2) (layer F.SilkS) (width 0.12))
    (fp_line (start 11.8 -0.2) (end 11.8 2.75) (layer F.SilkS) (width 0.12))
    (fp_line (start 11.8 2.75) (end 5 2.75) (layer F.SilkS) (width 0.12))
    (fp_line (start -1.6 -2.75) (end -2.85 -2.75) (layer F.SilkS) (width 0.12))
    (fp_line (start -2.85 -2.75) (end -2.85 -1.5) (layer F.SilkS) (width 0.12))
    (fp_text user %R (at 5 2.7 90) (layer F.Fab) hide
      (effects (font (size 1 1) (thickness 0.15)))
    )
    (pad 1 thru_hole roundrect (at 0 0 90) (size 1.7 1.95) (drill 0.95) (layers *.Cu *.Mask) (roundrect_rratio 0.147059)
      (net 13 "Net-(J5-Pad1)"))
    (pad 2 thru_hole oval (at 2.5 0 90) (size 1.7 1.95) (drill 0.95) (layers *.Cu *.Mask)
      (net 12 "Net-(J5-Pad2)"))
    (pad 3 thru_hole oval (at 5 0 90) (size 1.7 1.95) (drill 0.95) (layers *.Cu *.Mask)
      (net 11 "Net-(J5-Pad3)"))
    (pad 4 thru_hole oval (at 7.5 0 90) (size 1.7 1.95) (drill 0.95) (layers *.Cu *.Mask)
      (net 10 "Net-(J5-Pad4)"))
    (pad 5 thru_hole oval (at 10 0 90) (size 1.7 1.95) (drill 0.95) (layers *.Cu *.Mask)
      (net 3 +12V))
    (model ${KISYS3DMOD}/Connector_JST.3dshapes/JST_XH_B5B-XH-A_1x05_P2.50mm_Vertical.wrl
      (at (xyz 0 0 0))
      (scale (xyz 1 1 1))
      (rotate (xyz 0 0 0))
    )
  )

  (module Connector_JST:JST_XH_B5B-XH-A_1x05_P2.50mm_Vertical (layer F.Cu) (tedit 5C28146C) (tstamp 5CCD1205)
    (at 163.6778 46.3552 90)
    (descr "JST XH series connector, B5B-XH-A (http://www.jst-mfg.com/product/pdf/eng/eXH.pdf), generated with kicad-footprint-generator")
    (tags "connector JST XH vertical")
    (path /5CC18283)
    (fp_text reference J4 (at 5 -3.55 90) (layer F.SilkS) hide
      (effects (font (size 1 1) (thickness 0.15)))
    )
    (fp_text value "STEPPER 1" (at 5 4.6 90) (layer F.Fab) hide
      (effects (font (size 1 1) (thickness 0.15)))
    )
    (fp_text user %R (at 5 2.7 90) (layer F.Fab) hide
      (effects (font (size 1 1) (thickness 0.15)))
    )
    (fp_line (start -2.85 -2.75) (end -2.85 -1.5) (layer F.SilkS) (width 0.12))
    (fp_line (start -1.6 -2.75) (end -2.85 -2.75) (layer F.SilkS) (width 0.12))
    (fp_line (start 11.8 2.75) (end 5 2.75) (layer F.SilkS) (width 0.12))
    (fp_line (start 11.8 -0.2) (end 11.8 2.75) (layer F.SilkS) (width 0.12))
    (fp_line (start 12.55 -0.2) (end 11.8 -0.2) (layer F.SilkS) (width 0.12))
    (fp_line (start -1.8 2.75) (end 5 2.75) (layer F.SilkS) (width 0.12))
    (fp_line (start -1.8 -0.2) (end -1.8 2.75) (layer F.SilkS) (width 0.12))
    (fp_line (start -2.55 -0.2) (end -1.8 -0.2) (layer F.SilkS) (width 0.12))
    (fp_line (start 12.55 -2.45) (end 10.75 -2.45) (layer F.SilkS) (width 0.12))
    (fp_line (start 12.55 -1.7) (end 12.55 -2.45) (layer F.SilkS) (width 0.12))
    (fp_line (start 10.75 -1.7) (end 12.55 -1.7) (layer F.SilkS) (width 0.12))
    (fp_line (start 10.75 -2.45) (end 10.75 -1.7) (layer F.SilkS) (width 0.12))
    (fp_line (start -0.75 -2.45) (end -2.55 -2.45) (layer F.SilkS) (width 0.12))
    (fp_line (start -0.75 -1.7) (end -0.75 -2.45) (layer F.SilkS) (width 0.12))
    (fp_line (start -2.55 -1.7) (end -0.75 -1.7) (layer F.SilkS) (width 0.12))
    (fp_line (start -2.55 -2.45) (end -2.55 -1.7) (layer F.SilkS) (width 0.12))
    (fp_line (start 9.25 -2.45) (end 0.75 -2.45) (layer F.SilkS) (width 0.12))
    (fp_line (start 9.25 -1.7) (end 9.25 -2.45) (layer F.SilkS) (width 0.12))
    (fp_line (start 0.75 -1.7) (end 9.25 -1.7) (layer F.SilkS) (width 0.12))
    (fp_line (start 0.75 -2.45) (end 0.75 -1.7) (layer F.SilkS) (width 0.12))
    (fp_line (start 0 -1.35) (end 0.625 -2.35) (layer F.Fab) (width 0.1))
    (fp_line (start -0.625 -2.35) (end 0 -1.35) (layer F.Fab) (width 0.1))
    (fp_line (start 12.95 -2.85) (end -2.95 -2.85) (layer F.CrtYd) (width 0.05))
    (fp_line (start 12.95 3.9) (end 12.95 -2.85) (layer F.CrtYd) (width 0.05))
    (fp_line (start -2.95 3.9) (end 12.95 3.9) (layer F.CrtYd) (width 0.05))
    (fp_line (start -2.95 -2.85) (end -2.95 3.9) (layer F.CrtYd) (width 0.05))
    (fp_line (start 12.56 -2.46) (end -2.56 -2.46) (layer F.SilkS) (width 0.12))
    (fp_line (start 12.56 3.51) (end 12.56 -2.46) (layer F.SilkS) (width 0.12))
    (fp_line (start -2.56 3.51) (end 12.56 3.51) (layer F.SilkS) (width 0.12))
    (fp_line (start -2.56 -2.46) (end -2.56 3.51) (layer F.SilkS) (width 0.12))
    (fp_line (start 12.45 -2.35) (end -2.45 -2.35) (layer F.Fab) (width 0.1))
    (fp_line (start 12.45 3.4) (end 12.45 -2.35) (layer F.Fab) (width 0.1))
    (fp_line (start -2.45 3.4) (end 12.45 3.4) (layer F.Fab) (width 0.1))
    (fp_line (start -2.45 -2.35) (end -2.45 3.4) (layer F.Fab) (width 0.1))
    (pad 5 thru_hole oval (at 10 0 90) (size 1.7 1.95) (drill 0.95) (layers *.Cu *.Mask)
      (net 3 +12V))
    (pad 4 thru_hole oval (at 7.5 0 90) (size 1.7 1.95) (drill 0.95) (layers *.Cu *.Mask)
      (net 9 "Net-(J4-Pad4)"))
    (pad 3 thru_hole oval (at 5 0 90) (size 1.7 1.95) (drill 0.95) (layers *.Cu *.Mask)
      (net 8 "Net-(J4-Pad3)"))
    (pad 2 thru_hole oval (at 2.5 0 90) (size 1.7 1.95) (drill 0.95) (layers *.Cu *.Mask)
      (net 7 "Net-(J4-Pad2)"))
    (pad 1 thru_hole roundrect (at 0 0 90) (size 1.7 1.95) (drill 0.95) (layers *.Cu *.Mask) (roundrect_rratio 0.147059)
      (net 6 "Net-(J4-Pad1)"))
    (model ${KISYS3DMOD}/Connector_JST.3dshapes/JST_XH_B5B-XH-A_1x05_P2.50mm_Vertical.wrl
      (at (xyz 0 0 0))
      (scale (xyz 1 1 1))
      (rotate (xyz 0 0 0))
    )
  )

  (module Resistor_SMD:R_0603_1608Metric (layer F.Cu) (tedit 5B301BBD) (tstamp 5CCD11F5)
    (at 169.2912 60.3032 90)
    (descr "Resistor SMD 0603 (1608 Metric), square (rectangular) end terminal, IPC_7351 nominal, (Body size source: http://www.tortai-tech.com/upload/download/2011102023233369053.pdf), generated with kicad-footprint-generator")
    (tags resistor)
    (path /5CC6DB71)
    (attr smd)
    (fp_text reference R3 (at 0 -1.43 90) (layer F.SilkS) hide
      (effects (font (size 1 1) (thickness 0.15)))
    )
    (fp_text value 4K7 (at 0 1.43 90) (layer F.Fab) hide
      (effects (font (size 1 1) (thickness 0.15)))
    )
    (fp_line (start -0.8 0.4) (end -0.8 -0.4) (layer F.Fab) (width 0.1))
    (fp_line (start -0.8 -0.4) (end 0.8 -0.4) (layer F.Fab) (width 0.1))
    (fp_line (start 0.8 -0.4) (end 0.8 0.4) (layer F.Fab) (width 0.1))
    (fp_line (start 0.8 0.4) (end -0.8 0.4) (layer F.Fab) (width 0.1))
    (fp_line (start -0.162779 -0.51) (end 0.162779 -0.51) (layer F.SilkS) (width 0.12))
    (fp_line (start -0.162779 0.51) (end 0.162779 0.51) (layer F.SilkS) (width 0.12))
    (fp_line (start -1.48 0.73) (end -1.48 -0.73) (layer F.CrtYd) (width 0.05))
    (fp_line (start -1.48 -0.73) (end 1.48 -0.73) (layer F.CrtYd) (width 0.05))
    (fp_line (start 1.48 -0.73) (end 1.48 0.73) (layer F.CrtYd) (width 0.05))
    (fp_line (start 1.48 0.73) (end -1.48 0.73) (layer F.CrtYd) (width 0.05))
    (fp_text user %R (at 0 0 90) (layer F.Fab)
      (effects (font (size 0.4 0.4) (thickness 0.06)))
    )
    (pad 1 smd roundrect (at -0.7875 0 90) (size 0.875 0.95) (layers F.Cu F.Paste F.Mask) (roundrect_rratio 0.25)
      (net 2 +5V))
    (pad 2 smd roundrect (at 0.7875 0 90) (size 0.875 0.95) (layers F.Cu F.Paste F.Mask) (roundrect_rratio 0.25)
      (net 4 SCL))
    (model ${KISYS3DMOD}/Resistor_SMD.3dshapes/R_0603_1608Metric.wrl
      (at (xyz 0 0 0))
      (scale (xyz 1 1 1))
      (rotate (xyz 0 0 0))
    )
  )

  (module Resistor_SMD:R_0603_1608Metric (layer F.Cu) (tedit 5B301BBD) (tstamp 5CCD11E5)
    (at 167.2592 60.3252 90)
    (descr "Resistor SMD 0603 (1608 Metric), square (rectangular) end terminal, IPC_7351 nominal, (Body size source: http://www.tortai-tech.com/upload/download/2011102023233369053.pdf), generated with kicad-footprint-generator")
    (tags resistor)
    (path /5CC6D9CB)
    (attr smd)
    (fp_text reference R2 (at 0 -1.43 90) (layer F.SilkS) hide
      (effects (font (size 1 1) (thickness 0.15)))
    )
    (fp_text value 4K7 (at 0 1.43 90) (layer F.Fab) hide
      (effects (font (size 1 1) (thickness 0.15)))
    )
    (fp_text user %R (at 0 0 90) (layer F.Fab)
      (effects (font (size 0.4 0.4) (thickness 0.06)))
    )
    (fp_line (start 1.48 0.73) (end -1.48 0.73) (layer F.CrtYd) (width 0.05))
    (fp_line (start 1.48 -0.73) (end 1.48 0.73) (layer F.CrtYd) (width 0.05))
    (fp_line (start -1.48 -0.73) (end 1.48 -0.73) (layer F.CrtYd) (width 0.05))
    (fp_line (start -1.48 0.73) (end -1.48 -0.73) (layer F.CrtYd) (width 0.05))
    (fp_line (start -0.162779 0.51) (end 0.162779 0.51) (layer F.SilkS) (width 0.12))
    (fp_line (start -0.162779 -0.51) (end 0.162779 -0.51) (layer F.SilkS) (width 0.12))
    (fp_line (start 0.8 0.4) (end -0.8 0.4) (layer F.Fab) (width 0.1))
    (fp_line (start 0.8 -0.4) (end 0.8 0.4) (layer F.Fab) (width 0.1))
    (fp_line (start -0.8 -0.4) (end 0.8 -0.4) (layer F.Fab) (width 0.1))
    (fp_line (start -0.8 0.4) (end -0.8 -0.4) (layer F.Fab) (width 0.1))
    (pad 2 smd roundrect (at 0.7875 0 90) (size 0.875 0.95) (layers F.Cu F.Paste F.Mask) (roundrect_rratio 0.25)
      (net 2 +5V))
    (pad 1 smd roundrect (at -0.7875 0 90) (size 0.875 0.95) (layers F.Cu F.Paste F.Mask) (roundrect_rratio 0.25)
      (net 5 SDA))
    (model ${KISYS3DMOD}/Resistor_SMD.3dshapes/R_0603_1608Metric.wrl
      (at (xyz 0 0 0))
      (scale (xyz 1 1 1))
      (rotate (xyz 0 0 0))
    )
  )

  (module Resistor_SMD:R_0603_1608Metric (layer F.Cu) (tedit 5B301BBD) (tstamp 5CCD11D5)
    (at 177.9272 62.8652)
    (descr "Resistor SMD 0603 (1608 Metric), square (rectangular) end terminal, IPC_7351 nominal, (Body size source: http://www.tortai-tech.com/upload/download/2011102023233369053.pdf), generated with kicad-footprint-generator")
    (tags resistor)
    (path /5CC48A9E)
    (attr smd)
    (fp_text reference R1 (at 0 -1.43) (layer F.SilkS) hide
      (effects (font (size 1 1) (thickness 0.15)))
    )
    (fp_text value 10K (at 0 1.43) (layer F.Fab) hide
      (effects (font (size 1 1) (thickness 0.15)))
    )
    (fp_line (start -0.8 0.4) (end -0.8 -0.4) (layer F.Fab) (width 0.1))
    (fp_line (start -0.8 -0.4) (end 0.8 -0.4) (layer F.Fab) (width 0.1))
    (fp_line (start 0.8 -0.4) (end 0.8 0.4) (layer F.Fab) (width 0.1))
    (fp_line (start 0.8 0.4) (end -0.8 0.4) (layer F.Fab) (width 0.1))
    (fp_line (start -0.162779 -0.51) (end 0.162779 -0.51) (layer F.SilkS) (width 0.12))
    (fp_line (start -0.162779 0.51) (end 0.162779 0.51) (layer F.SilkS) (width 0.12))
    (fp_line (start -1.48 0.73) (end -1.48 -0.73) (layer F.CrtYd) (width 0.05))
    (fp_line (start -1.48 -0.73) (end 1.48 -0.73) (layer F.CrtYd) (width 0.05))
    (fp_line (start 1.48 -0.73) (end 1.48 0.73) (layer F.CrtYd) (width 0.05))
    (fp_line (start 1.48 0.73) (end -1.48 0.73) (layer F.CrtYd) (width 0.05))
    (fp_text user %R (at 0 0) (layer F.Fab)
      (effects (font (size 0.4 0.4) (thickness 0.06)))
    )
    (pad 1 smd roundrect (at -0.7875 0) (size 0.875 0.95) (layers F.Cu F.Paste F.Mask) (roundrect_rratio 0.25)
      (net 18 RST))
    (pad 2 smd roundrect (at 0.7875 0) (size 0.875 0.95) (layers F.Cu F.Paste F.Mask) (roundrect_rratio 0.25)
      (net 2 +5V))
    (model ${KISYS3DMOD}/Resistor_SMD.3dshapes/R_0603_1608Metric.wrl
      (at (xyz 0 0 0))
      (scale (xyz 1 1 1))
      (rotate (xyz 0 0 0))
    )
  )

  (module Capacitor_SMD:C_0603_1608Metric (layer F.Cu) (tedit 5B301BBE) (tstamp 5CCD11C5)
    (at 169.7372 56.0072 270)
    (descr "Capacitor SMD 0603 (1608 Metric), square (rectangular) end terminal, IPC_7351 nominal, (Body size source: http://www.tortai-tech.com/upload/download/2011102023233369053.pdf), generated with kicad-footprint-generator")
    (tags capacitor)
    (path /5CC6BBE9)
    (attr smd)
    (fp_text reference C3 (at 0 -1.43 270) (layer F.SilkS) hide
      (effects (font (size 1 1) (thickness 0.15)))
    )
    (fp_text value 0.1uF (at 0 1.43 270) (layer F.Fab) hide
      (effects (font (size 1 1) (thickness 0.15)))
    )
    (fp_line (start -0.8 0.4) (end -0.8 -0.4) (layer F.Fab) (width 0.1))
    (fp_line (start -0.8 -0.4) (end 0.8 -0.4) (layer F.Fab) (width 0.1))
    (fp_line (start 0.8 -0.4) (end 0.8 0.4) (layer F.Fab) (width 0.1))
    (fp_line (start 0.8 0.4) (end -0.8 0.4) (layer F.Fab) (width 0.1))
    (fp_line (start -0.162779 -0.51) (end 0.162779 -0.51) (layer F.SilkS) (width 0.12))
    (fp_line (start -0.162779 0.51) (end 0.162779 0.51) (layer F.SilkS) (width 0.12))
    (fp_line (start -1.48 0.73) (end -1.48 -0.73) (layer F.CrtYd) (width 0.05))
    (fp_line (start -1.48 -0.73) (end 1.48 -0.73) (layer F.CrtYd) (width 0.05))
    (fp_line (start 1.48 -0.73) (end 1.48 0.73) (layer F.CrtYd) (width 0.05))
    (fp_line (start 1.48 0.73) (end -1.48 0.73) (layer F.CrtYd) (width 0.05))
    (fp_text user %R (at 0 0 270) (layer F.Fab)
      (effects (font (size 0.4 0.4) (thickness 0.06)))
    )
    (pad 1 smd roundrect (at -0.7875 0 270) (size 0.875 0.95) (layers F.Cu F.Paste F.Mask) (roundrect_rratio 0.25)
      (net 2 +5V))
    (pad 2 smd roundrect (at 0.7875 0 270) (size 0.875 0.95) (layers F.Cu F.Paste F.Mask) (roundrect_rratio 0.25)
      (net 1 GND))
    (model ${KISYS3DMOD}/Capacitor_SMD.3dshapes/C_0603_1608Metric.wrl
      (at (xyz 0 0 0))
      (scale (xyz 1 1 1))
      (rotate (xyz 0 0 0))
    )
  )

  (module Capacitor_SMD:C_0603_1608Metric (layer F.Cu) (tedit 5B301BBE) (tstamp 5CCD11B5)
    (at 160.6552 63.1192)
    (descr "Capacitor SMD 0603 (1608 Metric), square (rectangular) end terminal, IPC_7351 nominal, (Body size source: http://www.tortai-tech.com/upload/download/2011102023233369053.pdf), generated with kicad-footprint-generator")
    (tags capacitor)
    (path /5CC1F5A7)
    (attr smd)
    (fp_text reference C2 (at 0 -1.43) (layer F.SilkS) hide
      (effects (font (size 1 1) (thickness 0.15)))
    )
    (fp_text value 0.33uF (at 0 1.43) (layer F.Fab) hide
      (effects (font (size 1 1) (thickness 0.15)))
    )
    (fp_text user %R (at 0 0) (layer F.Fab)
      (effects (font (size 0.4 0.4) (thickness 0.06)))
    )
    (fp_line (start 1.48 0.73) (end -1.48 0.73) (layer F.CrtYd) (width 0.05))
    (fp_line (start 1.48 -0.73) (end 1.48 0.73) (layer F.CrtYd) (width 0.05))
    (fp_line (start -1.48 -0.73) (end 1.48 -0.73) (layer F.CrtYd) (width 0.05))
    (fp_line (start -1.48 0.73) (end -1.48 -0.73) (layer F.CrtYd) (width 0.05))
    (fp_line (start -0.162779 0.51) (end 0.162779 0.51) (layer F.SilkS) (width 0.12))
    (fp_line (start -0.162779 -0.51) (end 0.162779 -0.51) (layer F.SilkS) (width 0.12))
    (fp_line (start 0.8 0.4) (end -0.8 0.4) (layer F.Fab) (width 0.1))
    (fp_line (start 0.8 -0.4) (end 0.8 0.4) (layer F.Fab) (width 0.1))
    (fp_line (start -0.8 -0.4) (end 0.8 -0.4) (layer F.Fab) (width 0.1))
    (fp_line (start -0.8 0.4) (end -0.8 -0.4) (layer F.Fab) (width 0.1))
    (pad 2 smd roundrect (at 0.7875 0) (size 0.875 0.95) (layers F.Cu F.Paste F.Mask) (roundrect_rratio 0.25)
      (net 1 GND))
    (pad 1 smd roundrect (at -0.7875 0) (size 0.875 0.95) (layers F.Cu F.Paste F.Mask) (roundrect_rratio 0.25)
      (net 3 +12V))
    (model ${KISYS3DMOD}/Capacitor_SMD.3dshapes/C_0603_1608Metric.wrl
      (at (xyz 0 0 0))
      (scale (xyz 1 1 1))
      (rotate (xyz 0 0 0))
    )
  )

  (module Capacitor_SMD:C_0603_1608Metric (layer F.Cu) (tedit 5B301BBE) (tstamp 5CCD11A5)
    (at 163.7032 63.1192)
    (descr "Capacitor SMD 0603 (1608 Metric), square (rectangular) end terminal, IPC_7351 nominal, (Body size source: http://www.tortai-tech.com/upload/download/2011102023233369053.pdf), generated with kicad-footprint-generator")
    (tags capacitor)
    (path /5CC6F529)
    (attr smd)
    (fp_text reference C1 (at 0 -1.43) (layer F.SilkS) hide
      (effects (font (size 1 1) (thickness 0.15)))
    )
    (fp_text value 0.1uF (at 0 1.43) (layer F.Fab) hide
      (effects (font (size 1 1) (thickness 0.15)))
    )
    (fp_text user %R (at 0 0) (layer F.Fab)
      (effects (font (size 0.4 0.4) (thickness 0.06)))
    )
    (fp_line (start 1.48 0.73) (end -1.48 0.73) (layer F.CrtYd) (width 0.05))
    (fp_line (start 1.48 -0.73) (end 1.48 0.73) (layer F.CrtYd) (width 0.05))
    (fp_line (start -1.48 -0.73) (end 1.48 -0.73) (layer F.CrtYd) (width 0.05))
    (fp_line (start -1.48 0.73) (end -1.48 -0.73) (layer F.CrtYd) (width 0.05))
    (fp_line (start -0.162779 0.51) (end 0.162779 0.51) (layer F.SilkS) (width 0.12))
    (fp_line (start -0.162779 -0.51) (end 0.162779 -0.51) (layer F.SilkS) (width 0.12))
    (fp_line (start 0.8 0.4) (end -0.8 0.4) (layer F.Fab) (width 0.1))
    (fp_line (start 0.8 -0.4) (end 0.8 0.4) (layer F.Fab) (width 0.1))
    (fp_line (start -0.8 -0.4) (end 0.8 -0.4) (layer F.Fab) (width 0.1))
    (fp_line (start -0.8 0.4) (end -0.8 -0.4) (layer F.Fab) (width 0.1))
    (pad 2 smd roundrect (at 0.7875 0) (size 0.875 0.95) (layers F.Cu F.Paste F.Mask) (roundrect_rratio 0.25)
      (net 2 +5V))
    (pad 1 smd roundrect (at -0.7875 0) (size 0.875 0.95) (layers F.Cu F.Paste F.Mask) (roundrect_rratio 0.25)
      (net 1 GND))
    (model ${KISYS3DMOD}/Capacitor_SMD.3dshapes/C_0603_1608Metric.wrl
      (at (xyz 0 0 0))
      (scale (xyz 1 1 1))
      (rotate (xyz 0 0 0))
    )
  )

  (module Package_QFP:TQFP-32_7x7mm_P0.8mm (layer F.Cu) (tedit 5A02F146) (tstamp 5CCD116F)
    (at 175.8192 56.6932 180)
    (descr "32-Lead Plastic Thin Quad Flatpack (PT) - 7x7x1.0 mm Body, 2.00 mm [TQFP] (see Microchip Packaging Specification 00000049BS.pdf)")
    (tags "QFP 0.8")
    (path /5CC10A0D)
    (attr smd)
    (fp_text reference U2 (at 0 -6.05 180) (layer F.SilkS) hide
      (effects (font (size 1 1) (thickness 0.15)))
    )
    (fp_text value ATtiny88-AU (at 0 6.05 180) (layer F.Fab) hide
      (effects (font (size 1 1) (thickness 0.15)))
    )
    (fp_line (start -3.625 -3.4) (end -5.05 -3.4) (layer F.SilkS) (width 0.15))
    (fp_line (start 3.625 -3.625) (end 3.3 -3.625) (layer F.SilkS) (width 0.15))
    (fp_line (start 3.625 3.625) (end 3.3 3.625) (layer F.SilkS) (width 0.15))
    (fp_line (start -3.625 3.625) (end -3.3 3.625) (layer F.SilkS) (width 0.15))
    (fp_line (start -3.625 -3.625) (end -3.3 -3.625) (layer F.SilkS) (width 0.15))
    (fp_line (start -3.625 3.625) (end -3.625 3.3) (layer F.SilkS) (width 0.15))
    (fp_line (start 3.625 3.625) (end 3.625 3.3) (layer F.SilkS) (width 0.15))
    (fp_line (start 3.625 -3.625) (end 3.625 -3.3) (layer F.SilkS) (width 0.15))
    (fp_line (start -3.625 -3.625) (end -3.625 -3.4) (layer F.SilkS) (width 0.15))
    (fp_line (start -5.3 5.3) (end 5.3 5.3) (layer F.CrtYd) (width 0.05))
    (fp_line (start -5.3 -5.3) (end 5.3 -5.3) (layer F.CrtYd) (width 0.05))
    (fp_line (start 5.3 -5.3) (end 5.3 5.3) (layer F.CrtYd) (width 0.05))
    (fp_line (start -5.3 -5.3) (end -5.3 5.3) (layer F.CrtYd) (width 0.05))
    (fp_line (start -3.5 -2.5) (end -2.5 -3.5) (layer F.Fab) (width 0.15))
    (fp_line (start -3.5 3.5) (end -3.5 -2.5) (layer F.Fab) (width 0.15))
    (fp_line (start 3.5 3.5) (end -3.5 3.5) (layer F.Fab) (width 0.15))
    (fp_line (start 3.5 -3.5) (end 3.5 3.5) (layer F.Fab) (width 0.15))
    (fp_line (start -2.5 -3.5) (end 3.5 -3.5) (layer F.Fab) (width 0.15))
    (fp_text user %R (at 0 0 180) (layer F.Fab) hide
      (effects (font (size 1 1) (thickness 0.15)))
    )
    (pad 32 smd rect (at -2.8 -4.25 270) (size 1.6 0.55) (layers F.Cu F.Paste F.Mask)
      (net 40 HALL1SIG))
    (pad 31 smd rect (at -2 -4.25 270) (size 1.6 0.55) (layers F.Cu F.Paste F.Mask)
      (net 38 "Net-(U2-Pad31)"))
    (pad 30 smd rect (at -1.2 -4.25 270) (size 1.6 0.55) (layers F.Cu F.Paste F.Mask)
      (net 37 "Net-(U2-Pad30)"))
    (pad 29 smd rect (at -0.4 -4.25 270) (size 1.6 0.55) (layers F.Cu F.Paste F.Mask)
      (net 18 RST))
    (pad 28 smd rect (at 0.4 -4.25 270) (size 1.6 0.55) (layers F.Cu F.Paste F.Mask)
      (net 4 SCL))
    (pad 27 smd rect (at 1.2 -4.25 270) (size 1.6 0.55) (layers F.Cu F.Paste F.Mask)
      (net 5 SDA))
    (pad 26 smd rect (at 2 -4.25 270) (size 1.6 0.55) (layers F.Cu F.Paste F.Mask)
      (net 36 "Net-(U2-Pad26)"))
    (pad 25 smd rect (at 2.8 -4.25 270) (size 1.6 0.55) (layers F.Cu F.Paste F.Mask)
      (net 35 "Net-(U2-Pad25)"))
    (pad 24 smd rect (at 4.25 -2.8 180) (size 1.6 0.55) (layers F.Cu F.Paste F.Mask)
      (net 34 "Net-(U2-Pad24)"))
    (pad 23 smd rect (at 4.25 -2 180) (size 1.6 0.55) (layers F.Cu F.Paste F.Mask)
      (net 33 "Net-(U2-Pad23)"))
    (pad 22 smd rect (at 4.25 -1.2 180) (size 1.6 0.55) (layers F.Cu F.Paste F.Mask)
      (net 32 "Net-(U2-Pad22)"))
    (pad 21 smd rect (at 4.25 -0.4 180) (size 1.6 0.55) (layers F.Cu F.Paste F.Mask)
      (net 1 GND))
    (pad 20 smd rect (at 4.25 0.4 180) (size 1.6 0.55) (layers F.Cu F.Paste F.Mask)
      (net 31 "Net-(U2-Pad20)"))
    (pad 19 smd rect (at 4.25 1.2 180) (size 1.6 0.55) (layers F.Cu F.Paste F.Mask)
      (net 30 "Net-(U2-Pad19)"))
    (pad 18 smd rect (at 4.25 2 180) (size 1.6 0.55) (layers F.Cu F.Paste F.Mask)
      (net 2 +5V))
    (pad 17 smd rect (at 4.25 2.8 180) (size 1.6 0.55) (layers F.Cu F.Paste F.Mask)
      (net 16 SCK))
    (pad 16 smd rect (at 2.8 4.25 270) (size 1.6 0.55) (layers F.Cu F.Paste F.Mask)
      (net 14 MISO))
    (pad 15 smd rect (at 2 4.25 270) (size 1.6 0.55) (layers F.Cu F.Paste F.Mask)
      (net 17 MOSI))
    (pad 14 smd rect (at 1.2 4.25 270) (size 1.6 0.55) (layers F.Cu F.Paste F.Mask)
      (net 29 SS))
    (pad 13 smd rect (at 0.4 4.25 270) (size 1.6 0.55) (layers F.Cu F.Paste F.Mask)
      (net 28 TPIC-ENABLE))
    (pad 12 smd rect (at -0.4 4.25 270) (size 1.6 0.55) (layers F.Cu F.Paste F.Mask)
      (net 27 "Net-(U2-Pad12)"))
    (pad 11 smd rect (at -1.2 4.25 270) (size 1.6 0.55) (layers F.Cu F.Paste F.Mask)
      (net 26 "Net-(U2-Pad11)"))
    (pad 10 smd rect (at -2 4.25 270) (size 1.6 0.55) (layers F.Cu F.Paste F.Mask)
      (net 25 "Net-(U2-Pad10)"))
    (pad 9 smd rect (at -2.8 4.25 270) (size 1.6 0.55) (layers F.Cu F.Paste F.Mask)
      (net 24 "Net-(U2-Pad9)"))
    (pad 8 smd rect (at -4.25 2.8 180) (size 1.6 0.55) (layers F.Cu F.Paste F.Mask)
      (net 23 "Net-(U2-Pad8)"))
    (pad 7 smd rect (at -4.25 2 180) (size 1.6 0.55) (layers F.Cu F.Paste F.Mask)
      (net 22 "Net-(U2-Pad7)"))
    (pad 6 smd rect (at -4.25 1.2 180) (size 1.6 0.55) (layers F.Cu F.Paste F.Mask)
      (net 21 "Net-(U2-Pad6)"))
    (pad 5 smd rect (at -4.25 0.4 180) (size 1.6 0.55) (layers F.Cu F.Paste F.Mask)
      (net 1 GND))
    (pad 4 smd rect (at -4.25 -0.4 180) (size 1.6 0.55) (layers F.Cu F.Paste F.Mask)
      (net 2 +5V))
    (pad 3 smd rect (at -4.25 -1.2 180) (size 1.6 0.55) (layers F.Cu F.Paste F.Mask)
      (net 20 "Net-(U2-Pad3)"))
    (pad 2 smd rect (at -4.25 -2 180) (size 1.6 0.55) (layers F.Cu F.Paste F.Mask)
      (net 19 "Net-(U2-Pad2)"))
    (pad 1 smd rect (at -4.25 -2.8 180) (size 1.6 0.55) (layers F.Cu F.Paste F.Mask)
      (net 41 HALL2SIG))
    (model ${KISYS3DMOD}/Package_QFP.3dshapes/TQFP-32_7x7mm_P0.8mm.wrl
      (at (xyz 0 0 0))
      (scale (xyz 1 1 1))
      (rotate (xyz 0 0 0))
    )
  )

  (module Connector_PinHeader_2.54mm:PinHeader_2x03_P2.54mm_Vertical (layer F.Cu) (tedit 59FED5CC) (tstamp 5CCD1154)
    (at 185.3694 60.7062 90)
    (descr "Through hole straight pin header, 2x03, 2.54mm pitch, double rows")
    (tags "Through hole pin header THT 2x03 2.54mm double row")
    (path /5CC7779B)
    (fp_text reference J7 (at 1.27 -2.33 90) (layer F.SilkS) hide
      (effects (font (size 1 1) (thickness 0.15)))
    )
    (fp_text value AVR-ISP-6 (at 1.27 7.41 90) (layer F.Fab) hide
      (effects (font (size 1 1) (thickness 0.15)))
    )
    (fp_text user %R (at 1.27 2.54 180) (layer F.Fab) hide
      (effects (font (size 1 1) (thickness 0.15)))
    )
    (fp_line (start 4.35 -1.8) (end -1.8 -1.8) (layer F.CrtYd) (width 0.05))
